1000
978
73
477
235
35
404
127
28
857
387
478
828
124
980
930
971
122
796
353
391
403
36
339
444
928
248
333
156
295
440
790
360
39
69
177
811
402
792
83
550
996
593
706
458
660
781
100
844
971
840
924
435
750
733
542
408
209
477
364
67
206
513
188
707
910
183
893
416
123
933
368
125
987
429
314
638
586
506
230
517
738
493
704
351
649
512
178
293
121
340
400
275
893
873
562
957
609
77
183
846
128
24
178
94
899
806
321
402
125
663
30
477
801
390
412
351
947
7
158
214
639
649
970
706
455
242
364
759
824
150
485
512
466
407
489
492
710
237
747
100
804
817
865
121
596
29
390
92
569
544
107
661
576
992
306
554
442
489
749
314
32
949
225
358
742
652
851
58
4
841
595
700
209
74
374
293
24
966
309
984
327
541
570
671
181
220
320
284
713
649
542
201
805
817
426
852
853
822
517
252
492
997
898
82
456
664
915
737
189
284
68
417
979
793
55
271
223
420
703
508
796
660
597
925
918
467
889
220
646
294
762
867
542
819
960
533
102
638
954
732
12
924
786
125
162
563
304
860
373
186
766
748
722
101
305
535
952
560
682
262
257
409
705
775
260
19
677
949
695
617
319
837
418
83
542
576
364
17
74
347
833
39
864
619
484
218
664
221
360
628
225
19
539
474
736
127
424
419
709
602
576
626
746
311
399
823
712
456
220
441
844
476
757
756
139
659
162
290
236
937
59
658
498
729
166
378
992
69
797
206
528
796
383
1000
541
366
888
854
600
492
696
795
741
848
121
608
397
645
693
535
74
142
793
527
549
99
382
256
451
934
472
605
23
218
710
692
881
442
916
915
801
494
679
511
450
846
969
673
992
130
176
305
710
887
132
794
87
730
148
24
778
692
712
421
575
13
586
132
665
731
77
68
536
775
242
957
375
420
544
991
785
64
603
125
512
538
13
75
693
895
605
708
733
326
365
579
465
78
700
296
704
545
449
506
507
642
141
387
24
1
171
568
938
246
100
969
548
890
190
128
312
284
24
756
23
105
240
695
437
349
690
207
328
11
165
585
879
474
14
558
711
373
556
584
791
750
516
573
471
49
315
745
84
108
339
853
161
757
257
930
370
352
763
318
548
665
482
192
247
35
210
234
955
963
667
642
989
426
830
837
918
386
811
740
165
958
620
182
693
327
763
627
96
544
209
280
270
10
620
750
965
575
433
174
80
987
720
16
786
164
178
865
294
949
700
663
616
150
344
744
790
285
744
805
627
905
33
172
708
318
787
412
649
529
350
515
218
648
119
343
56
253
936
948
165
820
96
89
70
454
940
393
347
311
211
840
627
758
436
231
522
968
346
448
161
24
549
45
741
356
850
701
142
216
332
877
996
392
90
194
921
406
693
634
206
697
846
430
219
816
66
681
550
685
555
896
752
186
868
400
100
421
380
23
964
812
682
243
110
638
688
870
49
648
679
277
913
703
265
215
734
633
243
847
509
56
893
399
618
366
492
315
485
875
292
257
954
662
959
221
133
201
88
901
118
33
109
757
55
275
732
389
507
184
291
847
49
591
278
61
636
190
542
782
859
367
369
866
121
577
49
474
141
936
743
942
74
973
742
630
348
393
267
381
110
420
864
786
114
909
100
789
825
864
227
826
663
980
714
744
64
970
533
784
553
152
634
202
632
719
927
693
679
6
501
168
767
497
417
796
913
59
861
690
581
719
139
784
397
505
373
964
294
517
926
713
263
675
96
933
429
767
961
581
569
116
996
573
381
349
734
318
462
227
512
421
37
292
453
550
123
395
931
766
529
977
309
893
252
410
333
431
470
581
225
811
287
110
587
115
881
443
925
895
516
354
702
522
855
17
498
477
666
999
928
923
238
90
223
143
514
501
157
432
393
760
976
150
971
786
855
428
732
636
73
119
40
622
641
774
905
892
375
63
372
730
905
637
449
652
435
227
222
287
610
997
298
172
357
841
377
796
3
988
365
918
40
270
853
146
65
729
974
609
527
2
9
383
217
597
670
572
839
527
188
514
126
232
272
815
770
727
152
459
627
29
564
694
72
995
368
531
846
926
524
70
824
826
857
520
327
753
98
417
888
736
8
941
968
89
709
870
479
210
562
879
747
334
358
364
699
665
873
473
541
693
564
671
929
584
405
380
959
982
18
498
80
178
301
45
588
353
221
350
170
372
21
535
120
111
540
763
585
251
27
776
454
608
481
594
372
894
254
522
218
325
141
679
625
860
222
886
968
118
277
246
690
378
607
387